1
500
-321282 -636292
-151714 -636292
-151714 -830084
-515074 17756
-297058 -563620
-127490 -587844
-272834 -660516
-539298 -297156
-6370 -345604
-321282 -830084
-587746 -466724
-6370 -466724
-79042 -79140
-829986 -200260
-224386 -951204
-127490 -539396
-563522 -854308
-854210 -684740
-224386 -103364
42078 -30692
-829986 -272932
-127490 -127588
-418178 -757412
-902658 17756
-369730 -951204
-636194 -660516
-79042 -6468
-733090 -418276
-127490 -369828
-781538 -684740
-563522 -660516
-926882 -684740
-878434 -345604
-805762 -805860
-224386 -660516
-999554 -418276
-757314 -79140
66302 -103364
-127490 -176036
-418178 -781636
-393954 -442500
-200162 -369828
-805762 -612068
-926882 -781636
-103266 -30692
-393954 -345604
-442402 -781636
-902658 -951204
-829986 -587844
-781538 -272932
-369730 -805860
-539298 -321380
17854 -418276
-515074 41980
-466626 -660516
-345506 -200260
-175938 -127588
-733090 17756
-30594 -79140
-587746 -539396
-369730 -587844
-369730 -79140
-175938 -490948
-418178 -418276
-539298 -418276
-224386 -127588
-805762 17756
-684642 -781636
-684642 -345604
-54818 -442500
-297058 -345604
-321282 41980
-708866 -587844
-805762 -684740
-926882 -54916
-805762 -127588
-103266 -418276
66302 -200260
-878434 -854308
-951106 -442500
-951106 -805860
-636194 -563620
-611970 -951204
-369730 -224484
-926882 -442500
-733090 -466724
-733090 -151812
-54818 -151812
-611970 -394052
66302 -272932
-878434 -563620
-321282 -781636
-902658 -999652
-393954 -6468
-926882 -466724
-175938 -563620
-248610 -272932
-30594 -878532
-200162 66204
-175938 17756
-636194 -515172
-999554 -176036
-951106 -757412
-733090 -54916
-272834 -684740
-200162 -297156
66302 -394052
-611970 -612068
-781538 -563620
-393954 -127588
-30594 -442500
-490850 -951204
17854 66204
-684642 -708964
-466626 -878532
-175938 -418276
-224386 -539396
-54818 -951204
-805762 66204
-224386 -636292
-878434 -321380
17854 -103364
-490850 -539396
-224386 -248708
-660418 -805860
-30594 -369828
-466626 -442500
-733090 -6468
-393954 -878532
-951106 -394052
-829986 -684740
-878434 -587844
-200162 -103364
-757314 -805860
-103266 -926980
-636194 -224484
-902658 -684740
-345506 -999652
-733090 -854308
-369730 -490948
66302 -369828
-297058 -321380
-151714 -151812
-418178 -902756
-466626 -902756
-103266 -127588
-636194 -297156
-393954 -321380
-902658 -127588
-345506 -757412
-515074 -660516
-54818 -200260
-321282 -587844
-660418 -6468
-926882 -151812
-660418 -127588
66302 -515172
-369730 -345604
-30594 -54916
-54818 -79140
-563522 -612068
-175938 -442500
-805762 -54916
-733090 -103364
-175938 -684740
-975330 -854308
-708866 -103364
-321282 -515172
-490850 -854308
-829986 -612068
-30594 -297156
-563522 -103364
-490850 -902756
-272834 -224484
-466626 -612068
-248610 -539396
-951106 -926980
66302 -539396
-442402 66204
-369730 -975428
-103266 -79140
-708866 -515172
-466626 -708964
-200162 -878532
-902658 -563620
-902658 -79140
-854210 -926980
-490850 -79140
-708866 66204
-611970 -151812
-442402 -660516
-515074 -6468
-151714 -224484
-878434 -224484
-200162 -612068
-248610 -878532
-175938 41980
-660418 -733188
-54818 -54916
-539298 -248708
-999554 17756
-636194 -975428
-926882 -830084
-684642 -103364
-951106 -369828
-926882 -951204
-757314 -151812
-757314 -708964
-393954 -103364
-975330 -708964
-636194 41980
17854 -321380
-345506 -418276
-54818 -563620
-829986 -442500
-611970 -902756
-708866 -176036
-442402 -878532
-466626 -151812
-127490 -248708
-854210 -418276
-369730 41980
-951106 -951204
-490850 -369828
-54818 -781636
66302 -757412
-418178 -442500
-636194 -733188
-587746 -854308
-757314 -224484
-708866 -878532
17854 -272932
-224386 -733188
-539298 -466724
-587746 -733188
-127490 -79140
-975330 -345604
-175938 -6468
-6370 -418276
-6370 -79140
-757314 -127588
-902658 -418276
-151714 -248708
42078 -660516
-200162 -442500
-442402 -539396
-539298 -176036
-999554 -951204
-975330 -321380
-684642 -176036
-975330 -563620
-684642 -612068
-587746 -394052
-829986 -490948
-975330 -176036
-490850 -30692
-321282 -708964
-6370 -975428
-902658 -587844
42078 -805860
-757314 -54916
-611970 -442500
-999554 -515172
-151714 -612068
-442402 -684740
-272834 -757412
-854210 -830084
-684642 -636292
-200162 17756
-103266 -6468
-999554 -926980
-127490 -200260
-442402 -951204
-515074 -272932
-103266 -490948
-418178 -539396
-854210 -490948
-539298 -830084
-660418 -54916
-369730 -176036
-926882 -708964
-321282 -321380
-708866 -733188
42078 -733188
-200162 -224484
-272834 17756
17854 -660516
-248610 -757412
-345506 -636292
-805762 -563620
-708866 -224484
-539298 -781636
-902658 -369828
-248610 -587844
-611970 -878532
-733090 -805860
-902658 -394052
-418178 -515172
17854 -684740
-999554 -54916
-902658 -902756
-902658 41980
-829986 -757412
-660418 -708964
-369730 -418276
-442402 -103364
-684642 41980
-466626 41980
-345506 -781636
-79042 -176036
-515074 -54916
-926882 -248708
-660418 -200260
-805762 -999652
66302 -684740
-442402 41980
-442402 -54916
42078 66204
-563522 -539396
42078 17756
-103266 -636292
-54818 -708964
42078 -878532
-515074 -345604
-999554 -902756
-926882 -176036
-563522 -418276
-781538 -345604
-297058 -151812
-951106 -975428
-636194 -6468
-733090 -394052
-103266 -151812
-781538 -951204
-611970 -200260
-781538 -151812
-103266 -951204
-79042 -515172
-127490 -612068
-79042 -490948
-418178 -30692
-636194 -54916
-636194 -781636
-297058 -878532
-902658 -612068
-6370 -926980
-611970 -297156
-345506 -151812
-345506 -951204
-975330 -297156
42078 -999652
-999554 -999652
-999554 -854308
42078 -176036
-660418 -636292
-999554 -708964
-636194 -200260
-757314 -830084
-926882 -200260
-829986 -224484
-829986 -297156
-30594 -418276
-902658 -805860
-611970 -975428
-30594 17756
-951106 -6468
-369730 -708964
-587746 -587844
-805762 -708964
-200162 -684740
-466626 -345604
-224386 -926980
66302 -733188
-345506 -442500
-781538 17756
66302 -660516
-224386 41980
-563522 -999652
-684642 -200260
-175938 -902756
-708866 -563620
-515074 -878532
-321282 -975428
-854210 -200260
-321282 -224484
-79042 17756
-660418 -951204
-248610 -200260
-708866 -805860
-272834 -854308
-321282 -103364
-30594 -684740
-151714 -490948
-563522 -248708
-878434 -515172
-611970 -733188
-829986 -854308
-151714 -466724
-248610 -660516
-200162 -127588
-781538 -224484
-175938 -539396
-708866 -394052
-272834 -539396
-757314 -781636
-805762 -79140
-393954 -394052
-466626 -684740
66302 -999652
-975330 -103364
-321282 -272932
-127490 41980
-418178 -490948
-393954 -490948
-175938 66204
-200162 -466724
-175938 -805860
-611970 -999652
-878434 -248708
-127490 -151812
-224386 -708964
-151714 -660516
-781538 -902756
-684642 -54916
-442402 -902756
-999554 -612068
-127490 -54916
-321282 -418276
-515074 -103364
-490850 -926980
-902658 -660516
-781538 -466724
-878434 -200260
-151714 -975428
-951106 -345604
-587746 -805860
-297058 -103364
-951106 -612068
-151714 -854308
-757314 -999652
42078 -79140
-369730 -999652
-200162 -636292
-587746 -490948
17854 -490948
-79042 -272932
-200162 -733188
-151714 -103364
-708866 -151812
-708866 -466724
-611970 -418276
-563522 -272932
-902658 -103364
-660418 -297156
-321282 -54916
-563522 -369828
-902658 -54916
-926882 -30692
-563522 41980
-926882 -394052
-757314 -394052
-321282 -563620
-151714 -781636
-175938 -612068
-854210 -466724
-30594 -781636
-563522 -200260
-926882 -490948
-854210 -79140
-151714 -345604
-151714 -515172
-297058 -248708
-442402 -369828
-975330 -684740
-151714 -30692
-248610 -369828
-854210 -103364
-975330 -418276
-224386 -54916
-79042 -345604
-829986 -127588
-587746 -975428
-418178 -805860
-442402 -200260
-490850 -151812
-951106 -902756
-878434 66204
-975330 -757412
-272834 -30692
-418178 -708964
-611970 -708964
-587746 -127588
-563522 -127588
-975330 -660516
-684642 -442500
-878434 -151812
-708866 -999652
-6370 -151812
17854 -127588
-684642 -587844
W
1
