982 626
443 422
423 313
995 913
730 69
909 39
900 336
461 256
922 257
980 337
977 643
551 116
862 856
929 22
829 3
798 108
975 515
918 936
948 482
919 954
987 57
802 751
892 729
586 257
636 786
857 194
693 475
959 77
741 238
861 571
883 269
985 914
514 283
998 754
926 528
874 767
652 609
983 269
895 15
997 708
986 38
509 530
889 32
913 33
999 28
502 491
929 3
75 588
993 572
608 52
940 687
578 636
992 48
893 85
940 795
684 92
933 550
981 955
495 640
983 204
908 370
991 45
925 901
591 559
611 917
18 99
976 552
779 880
951 657
855 567
990 67
471 510
671 367
897 516
858 393
907 629
988 566
929 175
978 203
4 161
883 297
729 645
955 510
928 268
654 739
780 88
996 316
825 271
921 521
939 278
814 643
996 421
837 204
643 697
403 471
852 762
161 724
515 10
308 679
946 406
