413 221
274 12
487 370
474 500
289 232
238 239
273 122
106 466
87 267
406 498
477 374
131 220
421 311
468 441
452 425
473 14
353 345
460 340
406 51
321 329
338 323
383 163
486 158
204 9
422 244
433 33
439 417
423 313
480 7
455 73
245 98
488 276
327 151
449 200
434 305
343 411
284 262
284 394
481 486
329 371
339 274
350 17
184 352
443 77
467 269
166 342
436 88
408 299
203 456
466 394
178 216
498 44
440 158
476 309
446 51
404 76
449 52
418 236
413 340
208 175
466 118
478 122
428 70
423 292
375 302
454 292
118 260
394 241
474 158
425 442
301 378
492 124
55 469
387 50
465 303
351 111
449 2
363 387
495 87
450 283
459 473
227 171
448 87
219 72
316 183
360 438
497 49
486 271
475 238
437 147
490 89
440 5
445 375
296 275
496 71
328 92
135 378
466 418
291 104
